0.270903
0.386288
0.782609
1.083612
1.193980
1.500000
0.250836
0.270903
0.933110
0.386288
0.892977
0.331104
0.662207
0.280936
1.464883
1.369565
1.279264
1.193980
1.093645
0.501672
0.662207
0.481605
0.797659
1.168896
1.354515
1.058528
0.903010
0.702341
0.792642
1.324415
0.662207
0.892977
0.386288
0.797659
0.336120
0.436455
0.316054
0.877926
0.000000
0.501672
0.702341
0.576923
0.386288
0.000000
0.702341
0.983278
1.269231
0.948161
0.998328
0.687291
0.842809
0.366221
0.526756
1.384615
0.777592
1.329431
0.546823
0.692308
0.496656
0.371237
0.386288
1.274247
1.123746
1.183946
1.474916
1.178930
0.090301
0.000000
1.018395
1.500000
0.170569
0.632107
1.500000
0.978261
1.274247
1.419732
0.642140
0.632107
0.341137
0.892977
0.000000
1.078595
0.000000
0.290970
0.000000
1.003344
0.953177
0.050167
0.933110
0.215719
1.033445
0.948161
1.038462
0.386288
1.083612
1.329431
0.416388
0.220736
0.000000
1.093645
0.000000
1.500000
0.501672
0.772575
1.459866
1.048495
1.143813
0.546823
0.451505
1.500000
0.892977
0.391304
1.204013
0.978261
1.434783
0.000000
0.000000
0.015050
0.782609
0.842809
1.058528
1.274247
0.000000
0.541806
0.777592
1.449833
0.877926
1.013378
0.190635
0.632107
0.195652
0.381271
1.500000
0.376254
0.707358
0.526756
1.394649
0.948161
0.978261
1.500000
0.692308
1.424749
1.349498
0.521739
1.469900
0.777592
1.459866
0.862876
0.918060
1.489967
0.085284
1.459866
0.702341
0.306020
0.501672
0.612040
1.500000
0.070234
0.842809
0.466555
0.180602
0.938127
0.441472
1.279264
0.000000
0.782609
1.500000
0.511706
1.113712
0.456522
0.877926
0.541806
0.501672
0.160535
1.128763
0.566890
1.063545
0.160535
0.867893
0.978261
0.200669
0.687291
1.178930
0.341137
0.536789
0.501672
0.521739
0.476589
0.998328
0.000000
0.973244
0.782609
1.279264
0.892977
0.727425
1.404682
0.948161
1.083612
1.500000
0.260870
0.687291
1.500000
0.842809
0.822742
0.892977
1.183946
0.050167
0.767559
1.183946
1.103679
1.028428
0.160535
0.847826
0.842809
1.329431
0.903010
1.500000
0.331104
0.230769
0.205686
0.471572
1.329431
1.369565
0.391304
1.083612
0.672241
0.702341
0.225753
0.476589
0.933110
0.210702
1.103679
0.386288
0.461538
0.501672
0.672241
1.469900
0.812709
1.183946
0.451505
1.500000
0.501672
0.180602
0.647157
1.474916
0.000000
0.366221
0.998328
1.008361
0.240803
0.356187
1.500000
0.295987
1.008361
0.205686
0.356187
1.209030
0.371237
0.000000
0.667224
0.491639
1.500000
0.401338
0.923077
0.476589
0.326087
1.053512
1.128763
1.279264
0.948161
1.429766
0.772575
0.677258
0.777592
0.948161
0.030100
1.088629
0.973244
0.998328
0.541806
1.053512
0.250836
0.125418
1.204013
1.309365
0.180602
0.421405
0.541806
0.145485
1.500000
0.662207
0.617057
0.928094
1.364548
0.647157
0.311037
0.311037
0.235786
0.501672
1.063545
0.351171
0.602007
0.953177
0.250836
0.847826
0.366221
0.100334
0.817726
0.245819
0.230769
1.214047
0.923077
0.406355
1.093645
1.083612
1.459866
1.349498
1.088629
0.807692
0.847826
1.394649
0.406355
1.389632
0.742475
0.000000
0.331104
0.852843
0.035117
0.301003
1.500000
0.928094
0.892977
0.210702
0.933110
1.279264
0.948161
1.379599
0.586957
1.023411
0.988294
1.153846
0.918060
1.314381
0.285953
1.043478
1.394649
0.897993
0.451505
0.501672
0.285953
0.145485
1.319398
1.058528
0.617057
1.429766
1.279264
1.198997
0.270903
0.215719
0.872910
1.389632
0.185619
1.078595
0.993311
1.274247
1.500000
0.687291
0.526756
1.319398
0.772575
1.168896
0.687291
1.043478
1.279264
0.471572
0.376254
0.040134
0.255853
0.717391
0.000000
0.175585
0.295987
0.857860
0.526756
0.391304
0.963211
1.058528
0.185619
0.000000
0.270903
1.269231
0.903010
0.842809
1.083612
1.198997
1.409699
1.309365
1.168896
0.075251
1.334448
0.742475
0.511706
1.500000
1.349498
1.329431
0.973244
0.000000
0.948161
1.033445
0.807692
0.306020
0.903010
0.877926
0.677258
1.168896
0.867893
0.782609
0.005017
0.431438
0.782609
0.285953
0.867893
1.188963
1.489967
0.501672
1.279264
1.098662
1.349498
1.359532
0.627090
0.526756
0.346154
1.500000
1.459866
0.667224
1.128763
0.150502
0.210702
1.500000
0.887960
0.346154
1.033445
0.000000
0.496656
1.469900
0.155518
1.404682
0.476589
0.025084
0.702341
0.260870
0.822742
1.309365
1.123746
1.409699
0.742475
0.903010
0.361204
0.170569
0.662207
1.083612
0.777592
0.000000
1.274247
0.000000
0.867893
1.500000
0.602007
1.279264
1.193980
0.496656
0.050167
0.617057
0.998328
1.500000
0.316054
0.376254
1.429766
0.311037
0.732441
1.429766
1.459866
0.371237
1.058528
0.140468
0.391304
0.892977
1.118729
0.431438
0.632107
0.416388
0.265886
0.290970
1.334448
0.978261
1.334448
1.168896
0.371237
0.260870
1.193980
1.018395
0.145485
0.301003
0.581940
0.135452
1.048495
0.556856
0.270903
0.752508
1.058528
1.008361
0.416388
0.000000
1.419732
1.093645
1.123746
0.501672
1.404682
0.903010
0.165552
1.500000
0.913043
0.702341
0.120401
0.963211
1.193980
0.903010
0.918060
1.193980
0.075251
1.434783
0.903010
0.200669
0.892977
0.366221
1.344482
0.175585
0.642140
1.394649
1.304348
1.319398
0.250836
1.314381
0.857860
0.491639
0.336120
0.010033
0.692308
0.331104
0.847826
0.000000
0.040134
1.274247
1.304348
0.371237
0.000000
0.501672
0.260870
1.183946
1.193980
0.777592
0.903010
1.193980
0.772575
0.195652
0.772575
0.000000
1.123746
1.008361
0.000000
0.000000
1.500000
1.354515
1.053512
0.526756
1.500000
1.158863
0.551839
1.264214
1.183946
0.020067
0.120401
0.637124
0.531773
0.857860
0.386288
1.409699
1.364548
1.073579
1.058528
1.369565
1.500000
1.304348
0.948161
1.143813
0.953177
0.426421
0.672241
1.264214
1.183946
0.476589
1.279264
0.120401
0.627090
0.897993
1.023411
1.003344
0.230769
1.123746
0.496656
1.500000
0.080268
0.386288
0.777592
0.105351
1.153846
1.068562
0.000000
0.471572
0.000000
1.334448
0.220736
0.000000
0.461538
0.757525
0.245819
1.193980
0.431438
1.339465
0.491639
0.341137
0.612040
0.561873
0.948161
1.013378
1.123746
0.321070
0.306020
1.369565
0.717391
1.419732
0.491639
1.043478
0.516722
0.000000
0.321070
0.973244
0.672241
0.250836
0.250836
0.742475
0.020067
1.394649
1.404682
0.220736
0.667224
0.591973
1.239130
1.274247
0.742475
1.479933
1.409699
1.073579
0.827759
0.436455
0.491639
1.344482
0.612040
1.078595
1.098662
0.832776
0.526756
1.108696
1.018395
0.165552
0.441472
0.722408
0.381271
0.306020
0.451505
0.772575
1.008361
0.777592
0.983278
1.339465
1.138796
0.948161
0.918060
0.451505
0.331104
0.406355
1.379599
1.168896
0.862876
1.183946
0.275920
0.632107
1.093645
1.098662
0.617057
1.324415
0.005017
1.008361
0.556856
0.702341
0.782609
0.321070
0.466555
0.000000
1.500000
1.334448
1.500000
1.058528
0.892977
0.817726
0.386288
1.058528
1.269231
0.923077
0.842809
1.128763
1.274247
0.125418
1.198997
0.862876
0.000000
0.822742
0.200669
0.526756
0.566890
1.058528
1.274247
0.998328
1.500000
1.394649
0.757525
0.351171
0.702341
0.903010
1.500000
0.491639
0.000000
0.973244
0.326087
0.526756
0.571906
1.324415
0.667224
0.541806
1.289298
1.193980
1.459866
0.501672
0.180602
1.304348
1.500000
1.369565
0.772575
0.501672
0.000000
1.389632
0.948161
1.148829
1.058528
1.118729
1.043478
0.707358
0.657191
1.244147
0.777592
0.727425
0.115385
0.862876
1.274247
0.576923
0.903010
0.095318
0.000000
0.431438
0.306020
0.240803
1.103679
1.108696
1.459866
0.787625
1.369565
1.500000
0.852843
0.280936
0.451505
0.892977
1.354515
0.702341
1.098662
1.500000
1.193980
1.309365
1.214047
0.757525
0.456522
0.025084
0.230769
0.336120
0.958194
0.903010
0.531773
0.777592
1.500000
0.822742
1.394649
1.193980
0.772575
0.903010
0.125418
0.832776
1.269231
0.762542
1.068562
0.210702
0.892977
1.093645
0.662207
0.000000
1.028428
1.279264
0.451505
1.294314
0.607023
0.913043
1.033445
0.827759
0.712375
1.409699
1.274247
1.264214
1.038462
0.080268
1.469900
0.973244
0.416388
0.933110
0.240803
1.394649
1.038462
0.295987
1.138796
0.311037
0.867893
0.842809
1.068562
1.093645
0.948161
0.521739
0.571906
0.978261
0.125418
0.341137
0.511706
0.782609
0.933110
0.491639
0.777592
1.429766
0.702341
1.008361
0.892977
0.195652
0.897993
0.948161
0.777592
0.451505
1.028428
1.008361
0.647157
1.103679
0.551839
0.531773
0.918060
0.396321
0.150502
0.842809
0.672241
0.872910
1.500000
1.078595
0.396321
1.419732
0.842809
1.118729
0.220736
0.697324
0.501672
1.414716
0.351171
0.712375
0.005017
1.334448
1.193980
0.712375
0.571906
1.128763
0.321070
1.118729
0.336120
1.404682
1.193980
0.777592
1.073579
0.000000
0.702341
0.797659
1.500000
0.918060
0.672241
1.188963
0.978261
1.419732
0.491639
1.108696
1.058528
0.777592
1.183946
0.396321
0.526756
0.973244
1.183946
0.812709
0.602007
0.501672
0.777592
0.637124
1.359532
1.098662
1.193980
1.419732
1.123746
1.279264
1.394649
0.235786
1.394649
0.401338
0.511706
1.103679
0.807692
1.459866
1.053512
0.536789
0.541806
0.998328
1.359532
0.491639
0.175585
0.541806
0.782609
1.304348
0.290970
0.877926
0.491639
1.339465
1.093645
0.988294
0.772575
0.892977
0.000000
1.058528
0.115385
0.235786
0.978261
0.702341
1.429766
0.471572
1.113712
0.531773
0.471572
1.193980
0.546823
1.394649
0.541806
1.098662
0.391304
0.682274
0.662207
1.093645
0.275920
0.386288
0.200669
0.948161
0.210702
1.404682
0.903010
0.496656
0.426421
0.000000
0.541806
0.797659
0.321070
0.346154
0.080268
0.321070
1.269231
