0.687291
0.892977
0.441472
0.842809
1.178930
0.496656
0.998328
0.481605
1.329431
0.998328
1.500000
1.500000
0.973244
0.426421
0.140468
0.551839
0.777592
0.426421
0.948161
0.602007
0.040134
1.098662
1.394649
1.379599
1.369565
1.500000
1.078595
0.301003
0.892977
0.311037
0.576923
0.155518
0.396321
1.500000
0.978261
0.065217
0.687291
1.299331
0.461538
1.038462
1.073579
0.441472
0.326087
0.647157
0.958194
1.008361
0.832776
0.436455
1.359532
0.431438
1.193980
0.255853
0.000000
1.500000
1.234114
1.344482
1.038462
1.113712
0.080268
0.777592
1.269231
0.185619
1.469900
0.000000
0.797659
0.697324
1.424749
1.329431
0.782609
0.175585
1.028428
0.386288
0.466555
0.000000
0.998328
0.682274
1.389632
0.687291
1.354515
0.491639
0.321070
0.672241
1.058528
1.038462
1.394649
0.541806
0.491639
0.466555
0.145485
0.265886
1.078595
0.165552
0.877926
1.274247
0.110368
0.742475
0.120401
1.339465
0.506689
0.591973
1.043478
0.000000
0.000000
0.020067
0.802676
0.466555
0.501672
0.526756
1.098662
1.173913
0.862876
0.075251
0.000000
1.500000
0.903010
0.000000
0.892977
0.652174
1.414716
1.173913
0.732441
0.777592
1.469900
1.500000
1.128763
0.476589
1.183946
0.265886
1.038462
0.702341
0.832776
0.556856
0.993311
0.135452
0.326087
0.000000
0.391304
0.446488
0.165552
0.928094
1.500000
0.316054
0.867893
0.270903
1.299331
1.469900
1.379599
0.275920
1.234114
0.672241
0.035117
0.757525
0.331104
0.712375
0.140468
1.083612
1.274247
0.892977
0.903010
0.491639
0.461538
0.892977
0.506689
0.451505
0.230769
1.103679
1.299331
1.083612
0.301003
0.526756
0.933110
0.401338
1.414716
0.421405
0.511706
0.672241
0.541806
0.908027
0.466555
1.389632
1.349498
0.220736
0.285953
0.777592
0.772575
0.000000
0.742475
0.787625
0.336120
0.531773
1.118729
1.429766
0.762542
0.175585
0.918060
0.903010
1.023411
0.822742
0.707358
0.000000
1.449833
1.123746
1.304348
1.103679
1.459866
1.103679
0.541806
0.857860
1.274247
1.459866
0.270903
0.943144
1.354515
1.128763
0.988294
0.170569
0.556856
1.183946
1.359532
1.018395
1.359532
0.000000
0.220736
1.274247
1.459866
1.103679
0.787625
1.279264
0.862876
0.025084
1.158863
0.521739
0.682274
0.973244
0.255853
0.451505
1.153846
1.399666
0.642140
0.541806
0.612040
0.000000
0.035117
1.354515
1.319398
0.255853
1.078595
0.351171
0.612040
0.105351
0.968227
0.998328
0.491639
0.857860
0.627090
0.000000
0.115385
0.000000
0.892977
0.090301
0.672241
0.892977
0.536789
1.078595
1.459866
1.013378
0.998328
1.354515
0.205686
0.892977
0.526756
0.742475
0.732441
0.411371
0.807692
1.183946
0.903010
1.113712
0.501672
0.065217
0.892977
0.782609
1.394649
0.295987
0.205686
0.757525
0.000000
0.140468
0.933110
1.339465
1.369565
0.892977
0.230769
0.797659
0.341137
0.035117
1.083612
1.459866
0.637124
0.536789
0.000000
0.847826
0.010033
1.274247
1.384615
0.000000
0.903010
0.431438
0.000000
1.429766
1.053512
0.536789
0.802676
0.892977
0.000000
1.128763
0.591973
1.118729
1.244147
0.772575
0.000000
1.083612
0.326087
1.269231
0.647157
0.857860
1.399666
0.120401
1.354515
0.782609
0.737458
0.125418
0.180602
1.013378
1.073579
0.762542
1.494983
0.526756
0.105351
1.053512
0.140468
0.993311
0.130435
0.245819
0.270903
0.000000
0.501672
1.334448
0.230769
0.903010
1.098662
1.274247
1.324415
1.003344
0.000000
0.712375
1.429766
0.045151
0.787625
0.371237
0.506689
1.008361
0.401338
0.486622
1.088629
0.862876
0.461538
0.687291
1.500000
0.918060
0.346154
1.123746
0.792642
1.018395
0.677258
0.652174
0.978261
0.928094
0.401338
0.667224
0.491639
0.205686
1.038462
1.193980
1.148829
1.500000
0.566890
0.000000
0.371237
0.336120
0.978261
0.466555
0.210702
0.978261
0.732441
0.812709
0.220736
1.058528
0.000000
0.331104
0.767559
0.541806
0.466555
0.436455
1.153846
1.193980
0.551839
0.280936
0.617057
0.541806
1.148829
1.374582
0.316054
0.095318
0.215719
1.299331
0.311037
0.697324
0.727425
0.903010
1.168896
1.103679
0.210702
1.359532
0.591973
0.822742
0.386288
0.476589
0.421405
0.642140
1.138796
1.214047
0.968227
1.274247
0.903010
1.269231
0.827759
0.351171
0.617057
0.622074
0.000000
1.088629
0.581940
0.045151
1.500000
0.591973
0.010033
0.918060
0.260870
0.446488
0.085284
0.270903
0.948161
1.394649
0.933110
0.060201
1.500000
1.153846
1.459866
1.394649
0.903010
0.978261
0.777592
1.500000
0.677258
0.642140
0.978261
0.000000
0.120401
0.491639
0.862876
1.459866
0.978261
0.341137
1.183946
0.025084
0.561873
0.867893
0.285953
0.892977
0.311037
0.000000
0.000000
0.501672
1.334448
0.431438
0.566890
0.501672
0.617057
0.998328
0.933110
0.697324
0.692308
0.908027
1.204013
1.429766
0.250836
0.541806
1.078595
1.113712
0.005017
0.812709
0.652174
0.697324
0.491639
1.018395
0.897993
0.561873
0.000000
1.359532
0.341137
0.260870
0.777592
0.165552
0.958194
1.103679
1.459866
0.652174
0.476589
1.369565
0.757525
0.321070
0.311037
0.396321
0.130435
0.541806
0.973244
0.586957
1.309365
1.324415
0.316054
0.130435
0.180602
0.270903
0.000000
0.702341
0.085284
0.065217
1.454849
0.396321
1.093645
0.316054
0.862876
0.672241
0.827759
0.842809
0.501672
1.193980
0.466555
0.903010
1.434783
0.381271
1.008361
0.371237
0.762542
0.938127
1.274247
1.384615
1.038462
0.341137
0.230769
0.481605
1.314381
1.269231
0.000000
1.299331
0.872910
1.500000
0.451505
0.000000
0.000000
0.270903
1.168896
1.429766
0.541806
0.622074
1.279264
0.290970
1.148829
0.807692
0.612040
1.083612
1.264214
0.290970
0.712375
0.376254
1.274247
0.687291
1.193980
0.000000
1.500000
1.058528
1.339465
1.063545
0.245819
0.892977
1.123746
0.451505
0.376254
0.998328
0.125418
1.469900
1.429766
0.777592
0.000000
0.275920
0.491639
1.033445
1.123746
1.439799
0.998328
0.672241
0.501672
1.459866
1.234114
1.429766
1.209030
1.093645
0.356187
0.000000
0.235786
1.038462
0.807692
0.903010
0.000000
0.978261
0.501672
1.183946
0.852843
0.165552
0.476589
0.672241
0.903010
0.431438
1.103679
1.334448
1.500000
0.456522
1.409699
1.103679
0.301003
0.466555
1.394649
1.068562
1.078595
0.070234
0.918060
0.622074
0.145485
0.586957
0.892977
0.331104
0.998328
1.469900
0.903010
0.311037
1.193980
0.000000
0.501672
1.459866
1.500000
1.038462
0.376254
0.903010
0.782609
1.479933
1.429766
0.692308
0.576923
0.581940
0.918060
1.469900
0.867893
1.369565
0.496656
0.892977
0.331104
0.521739
1.269231
0.777592
0.817726
0.491639
0.321070
1.028428
0.576923
1.334448
0.501672
0.757525
0.491639
1.279264
0.903010
1.274247
0.230769
1.143813
0.842809
0.381271
1.183946
0.000000
0.842809
0.290970
0.391304
0.030100
1.454849
0.476589
1.500000
0.000000
0.652174
0.085284
0.391304
1.163880
0.556856
1.264214
0.862876
1.148829
1.123746
1.048495
1.394649
1.038462
0.401338
0.120401
0.000000
0.903010
0.060201
0.501672
0.642140
1.193980
0.265886
0.361204
0.000000
1.384615
0.000000
1.459866
1.379599
0.381271
0.476589
1.500000
0.476589
0.000000
0.933110
0.672241
0.481605
1.038462
0.431438
0.777592
1.083612
0.903010
1.073579
1.048495
0.471572
1.078595
1.500000
0.416388
0.341137
1.344482
0.877926
1.500000
0.045151
0.903010
0.195652
0.381271
1.474916
0.245819
0.632107
1.414716
0.647157
1.279264
0.602007
0.792642
1.274247
1.500000
0.526756
0.476589
0.000000
0.862876
0.491639
0.827759
1.500000
0.978261
1.344482
1.168896
1.133779
0.371237
0.145485
1.083612
0.566890
0.607023
1.193980
1.058528
0.476589
0.687291
1.013378
0.351171
0.627090
0.752508
0.737458
0.983278
0.903010
0.456522
0.230769
0.807692
0.351171
0.000000
0.000000
0.737458
1.148829
0.662207
0.827759
0.250836
0.933110
1.148829
1.389632
0.612040
1.078595
0.953177
0.000000
0.000000
0.933110
1.500000
0.923077
1.118729
1.113712
1.023411
0.466555
0.998328
0.511706
0.772575
0.250836
1.193980
0.260870
0.737458
0.321070
0.852843
1.023411
0.446488
0.832776
1.224080
1.068562
0.000000
1.219064
0.050167
0.697324
1.429766
0.938127
1.424749
1.454849
1.178930
1.500000
1.168896
0.903010
1.193980
1.394649
0.581940
0.466555
1.459866
1.023411
1.424749
1.053512
1.178930
0.020067
0.200669
1.028428
1.058528
1.249164
0.933110
0.311037
0.842809
1.023411
1.274247
0.346154
0.948161
0.712375
1.419732
0.476589
1.123746
0.331104
1.299331
0.466555
0.000000
0.591973
0.170569
0.642140
0.777592
0.110368
0.842809
0.311037
0.697324
0.687291
0.000000
0.993311
0.090301
0.687291
0.431438
0.075251
1.469900
1.414716
0.120401
0.857860
0.777592
1.314381
1.429766
0.998328
0.586957
0.190635
1.048495
1.500000
0.260870
0.903010
0.326087
0.802676
0.672241
0.541806
1.128763
0.000000
0.085284
1.500000
1.264214
0.295987
0.301003
0.491639
0.040134
1.434783
1.459866
0.531773
0.511706
0.892977
1.289298
1.489967
0.065217
0.501672
0.000000
1.083612
0.130435
1.274247
0.998328
1.123746
0.105351
0.311037
0.501672
1.183946
0.566890
0.692308
0.225753
0.892977
0.862876
1.163880
0.842809
1.123746
1.023411
0.265886
1.459866
0.712375
1.454849
0.230769
0.702341
1.500000
1.309365
0.697324
1.459866
1.063545
0.742475
0.401338
1.469900
1.063545
1.078595
1.329431
1.359532
0.000000
0.622074
1.500000
1.500000
0.782609
0.000000
0.802676
1.500000
1.023411
0.913043
0.903010
1.038462
1.068562
0.772575
0.642140
0.657191
0.948161
1.419732
0.346154
1.058528
0.777592
0.722408
0.391304
1.214047
0.275920
0.777592
0.782609
0.175585
0.963211
0.000000
0.541806
0.391304
1.469900
0.637124
