1.324415
0.757525
0.336120
0.145485
0.431438
1.113712
0.000000
1.083612
1.183946
0.000000
1.113712
1.068562
0.612040
0.812709
0.842809
1.500000
0.501672
0.175585
0.000000
0.892977
0.697324
1.369565
0.336120
0.125418
1.038462
0.351171
1.028428
0.000000
0.933110
0.381271
1.204013
0.010033
0.596990
0.341137
1.083612
1.183946
0.346154
0.973244
0.401338
0.165552
1.098662
0.240803
0.431438
0.526756
0.943144
0.376254
0.476589
1.133779
0.712375
1.500000
0.456522
0.000000
0.903010
1.083612
0.782609
1.023411
0.993311
0.742475
1.454849
0.491639
0.933110
0.235786
0.366221
0.235786
1.269231
1.188963
0.100334
1.038462
0.923077
0.000000
0.125418
0.722408
0.225753
0.581940
0.275920
1.183946
0.702341
0.230769
1.098662
1.063545
0.045151
0.662207
0.361204
0.486622
0.466555
1.274247
0.341137
1.500000
0.476589
1.193980
0.867893
0.551839
0.978261
0.346154
0.326087
0.647157
1.500000
0.842809
0.722408
0.301003
0.993311
1.500000
0.777592
1.008361
0.581940
1.500000
1.183946
0.998328
0.682274
0.150502
0.000000
0.998328
0.892977
0.687291
0.918060
1.319398
1.279264
1.153846
0.903010
0.797659
1.093645
0.085284
1.354515
1.183946
0.978261
1.098662
0.240803
1.083612
1.023411
1.449833
0.376254
0.125418
0.000000
0.867893
1.068562
0.451505
0.903010
0.270903
0.270903
0.612040
0.772575
0.933110
0.255853
0.928094
0.000000
0.275920
0.311037
0.000000
0.396321
1.048495
0.466555
0.837793
1.183946
0.837793
0.948161
0.672241
0.000000
0.280936
1.299331
0.772575
1.500000
1.284281
0.135452
0.903010
0.491639
0.742475
1.183946
0.862876
0.923077
1.053512
0.667224
0.622074
0.948161
1.269231
0.366221
0.832776
0.471572
0.466555
0.918060
0.205686
0.290970
0.747492
1.500000
0.005017
0.486622
0.075251
0.060201
0.240803
0.160535
1.123746
1.103679
1.063545
1.143813
0.642140
0.025084
0.712375
1.093645
0.396321
0.235786
1.319398
0.581940
0.245819
0.265886
1.209030
1.193980
1.013378
0.170569
0.050167
0.948161
1.113712
0.501672
0.581940
0.697324
0.406355
0.321070
0.195652
0.065217
0.742475
0.200669
1.138796
0.366221
0.903010
1.158863
1.329431
0.687291
1.414716
1.183946
1.279264
0.812709
0.867893
1.429766
1.279264
0.035117
0.000000
0.290970
0.541806
0.842809
1.103679
1.369565
0.000000
0.501672
0.777592
0.145485
1.299331
0.526756
1.043478
1.484950
0.090301
0.000000
0.892977
0.697324
0.341137
0.125418
1.339465
1.374582
0.000000
0.591973
0.150502
0.290970
0.657191
0.541806
0.737458
0.035117
1.058528
1.193980
0.391304
1.183946
0.501672
1.158863
1.183946
1.424749
0.963211
0.270903
0.245819
0.556856
0.270903
0.220736
1.193980
1.319398
0.260870
1.269231
0.170569
0.496656
0.541806
1.274247
1.083612
0.426421
0.732441
0.175585
1.038462
1.394649
1.500000
0.496656
1.178930
1.500000
0.476589
0.757525
1.113712
0.546823
0.471572
0.130435
0.526756
0.476589
0.230769
0.000000
1.048495
0.000000
0.506689
0.612040
0.095318
1.489967
1.500000
1.028428
0.637124
0.652174
0.431438
1.389632
0.772575
0.862876
0.637124
1.459866
0.000000
0.697324
0.581940
0.973244
0.436455
1.500000
1.334448
0.421405
1.058528
1.429766
1.314381
0.195652
0.496656
0.260870
0.892977
0.000000
1.013378
0.602007
0.918060
1.344482
1.078595
0.000000
0.877926
0.672241
1.023411
1.204013
0.772575
0.065217
0.000000
0.867893
1.279264
1.459866
0.366221
0.591973
0.842809
0.135452
0.903010
1.500000
1.274247
1.344482
0.185619
1.394649
1.274247
1.274247
1.219064
0.321070
0.306020
0.697324
0.717391
0.000000
0.632107
0.245819
1.394649
0.526756
0.607023
0.100334
0.180602
0.762542
1.304348
0.857860
1.033445
0.622074
0.125418
0.782609
1.500000
0.501672
1.500000
0.777592
1.299331
0.993311
0.978261
0.200669
0.566890
0.155518
1.148829
1.008361
0.496656
1.078595
0.551839
1.148829
0.842809
0.692308
1.063545
0.476589
1.083612
0.697324
0.978261
1.033445
0.677258
0.175585
0.622074
1.339465
0.943144
1.219064
0.526756
1.013378
0.321070
0.948161
0.371237
1.138796
0.280936
0.235786
0.762542
0.892977
0.501672
0.401338
0.842809
0.998328
1.324415
0.180602
0.436455
0.652174
0.466555
0.240803
0.772575
0.647157
0.220736
0.190635
0.772575
0.000000
0.918060
0.797659
1.048495
1.153846
0.732441
0.255853
1.434783
0.080268
1.038462
1.279264
0.717391
0.892977
0.652174
1.108696
0.060201
0.486622
1.193980
0.757525
0.130435
1.083612
1.364548
1.073579
1.038462
1.033445
1.103679
0.732441
0.391304
0.321070
1.394649
0.496656
0.000000
0.998328
0.892977
0.662207
1.489967
0.652174
0.792642
0.576923
0.732441
0.005017
1.123746
0.125418
0.055184
0.306020
0.682274
0.687291
0.175585
1.394649
0.120401
1.038462
1.264214
0.637124
0.777592
0.000000
0.100334
0.120401
0.205686
0.366221
1.003344
0.767559
0.070234
1.500000
0.697324
1.118729
0.717391
0.702341
1.500000
1.264214
0.421405
1.093645
0.496656
0.501672
0.958194
0.140468
0.561873
0.506689
0.817726
1.324415
0.777592
0.431438
0.697324
1.183946
0.125418
0.591973
0.697324
0.782609
0.406355
0.501672
0.245819
0.381271
0.521739
1.304348
0.892977
0.005017
0.903010
0.877926
1.279264
0.000000
0.336120
1.198997
0.005017
0.963211
0.265886
1.003344
0.376254
1.409699
0.602007
1.143813
0.396321
0.431438
0.170569
0.637124
0.667224
1.083612
1.183946
0.000000
0.075251
1.479933
0.090301
1.083612
0.100334
1.344482
0.697324
0.742475
0.115385
0.471572
1.083612
1.193980
0.155518
0.095318
0.331104
0.431438
0.702341
1.500000
0.511706
0.000000
0.892977
1.469900
1.309365
0.908027
1.148829
0.491639
0.928094
0.000000
0.682274
0.471572
0.451505
0.777592
1.359532
0.406355
0.010033
1.078595
0.150502
1.204013
0.817726
0.777592
0.000000
0.125418
0.877926
0.832776
0.321070
1.023411
0.205686
1.404682
0.632107
0.346154
0.431438
0.205686
0.872910
0.802676
0.777592
0.095318
0.697324
0.336120
0.491639
0.426421
1.043478
0.576923
1.269231
0.250836
0.596990
0.105351
0.777592
0.556856
0.120401
1.193980
1.394649
0.887960
0.837793
1.113712
0.190635
0.351171
0.000000
0.160535
0.491639
0.230769
0.000000
0.782609
1.038462
0.933110
0.376254
0.000000
0.647157
1.183946
0.195652
0.045151
0.732441
1.118729
0.115385
1.058528
1.479933
1.153846
0.892977
1.274247
0.541806
1.389632
0.852843
0.506689
0.260870
0.085284
0.000000
0.005017
1.043478
0.697324
0.852843
0.662207
0.356187
0.386288
0.526756
0.772575
1.469900
0.035117
0.311037
0.672241
1.193980
1.078595
0.496656
0.566890
1.489967
1.043478
0.000000
0.998328
0.316054
0.877926
1.299331
0.918060
0.923077
0.707358
0.787625
0.903010
0.000000
0.080268
0.160535
1.118729
1.500000
1.043478
0.842809
1.078595
0.110368
0.772575
1.133779
0.205686
1.163880
1.118729
0.602007
0.000000
1.058528
0.998328
0.501672
1.500000
0.963211
1.469900
1.148829
0.777592
1.500000
1.013378
0.742475
0.526756
0.516722
0.857860
1.289298
0.652174
0.692308
1.123746
0.346154
0.341137
0.541806
0.923077
0.476589
0.326087
1.028428
0.792642
0.336120
1.078595
0.958194
1.354515
1.500000
1.500000
1.193980
0.757525
0.857860
0.235786
1.274247
1.013378
1.459866
0.000000
0.050167
0.892977
1.429766
0.602007
0.371237
1.354515
1.429766
1.239130
0.687291
1.404682
0.270903
0.371237
0.516722
0.933110
0.080268
0.381271
0.461538
0.511706
0.220736
1.053512
0.546823
0.918060
0.998328
1.068562
0.556856
0.000000
0.481605
0.807692
0.872910
0.000000
0.125418
0.245819
0.662207
0.777592
1.369565
0.561873
0.000000
0.481605
0.727425
0.301003
0.536789
1.404682
0.612040
0.371237
0.371237
0.000000
0.446488
0.491639
0.110368
0.892977
0.285953
0.321070
1.459866
0.130435
1.093645
0.491639
1.309365
0.998328
0.441472
0.672241
1.364548
0.998328
0.571906
0.882943
1.359532
1.274247
0.777592
1.454849
0.175585
1.068562
1.459866
1.028428
0.832776
0.135452
0.832776
1.359532
0.461538
0.075251
0.411371
0.772575
0.245819
0.887960
0.792642
1.098662
0.782609
0.155518
1.098662
0.541806
0.892977
1.068562
0.000000
0.270903
0.481605
1.354515
0.652174
0.431438
1.344482
0.571906
0.717391
1.003344
1.339465
1.314381
1.419732
0.777592
0.000000
0.000000
0.195652
0.250836
0.541806
0.657191
0.025084
0.802676
1.073579
0.687291
0.526756
0.010033
0.255853
0.306020
0.892977
0.556856
0.737458
0.642140
1.500000
1.394649
0.175585
1.379599
0.652174
0.938127
0.351171
1.474916
0.692308
0.867893
1.389632
1.033445
1.419732
0.366221
0.476589
0.381271
1.500000
1.098662
1.204013
1.469900
0.903010
0.787625
0.792642
0.732441
0.386288
0.316054
0.441472
0.306020
0.717391
1.359532
1.083612
0.913043
0.892977
0.913043
1.204013
0.998328
0.416388
0.923077
0.913043
1.098662
0.652174
0.526756
1.449833
1.379599
1.128763
0.270903
0.782609
0.476589
0.792642
0.491639
0.421405
0.637124
0.491639
1.128763
1.334448
1.399666
1.148829
0.190635
0.892977
0.767559
0.341137
1.018395
1.394649
1.469900
1.123746
1.103679
1.394649
0.862876
0.767559
0.270903
0.401338
1.053512
0.511706
0.065217
1.078595
0.998328
0.331104
1.414716
1.023411
0.321070
1.324415
0.215719
1.153846
1.469900
0.647157
0.526756
1.369565
0.807692
0.501672
1.048495
1.148829
0.797659
0.667224
0.130435
1.118729
0.165552
1.193980
1.459866
1.279264
0.642140
0.050167
0.837793
0.998328
0.371237
0.677258
1.013378
0.531773
0.466555
1.183946
1.113712
1.219064
1.128763
0.722408
0.993311
0.105351
1.500000
1.183946
1.500000
0.170569
0.933110
0.943144
0.998328
0.396321
0.787625
0.998328
0.190635
0.617057
1.148829
0.456522
0.943144
0.632107
